1 1 0
1 1 0
1 1 0
1 1 0
1 1 0
1 1 0
1 1 0
1 1 0
1 1 0
1 1 0
1 2 0.1
1 2 0.2
1 2 0.3
1 2 0.4
1 2 0.5
1 2 0.6
1 2 0.7
1 2 0.8
1 2 0.9
2 2 0
2 3 0.1
2 3 0.2
2 3 0.3
2 3 0.4
2 3 0.5
2 3 0.6
2 3 0.7
2 3 0.8
2 3 0.9
3 3 0
3 4 0.1
3 4 0.2
3 4 0.3
3 4 0.4
3 4 0.5
3 4 0.6
3 4 0.7
3 4 0.8
3 4 0.9
4 4 0
4 5 0.1
4 5 0.2
4 5 0.3
4 5 0.4
4 5 0.5
4 5 0.6
4 5 0.7
4 5 0.8
4 5 0.9
5 5 0
5 6 0.1
5 6 0.2
5 6 0.3
5 6 0.4
5 6 0.5
5 6 0.6
5 6 0.7
5 6 0.8
5 6 0.9
6 6 0
6 7 0.1
6 7 0.2
6 7 0.3
6 7 0.4
6 7 0.5
6 7 0.6
6 7 0.7
6 7 0.8
6 7 0.9
7 7 0
7 8 0.1
7 8 0.2
7 8 0.3
7 8 0.4
7 8 0.5
7 8 0.6
7 8 0.7
7 8 0.8
7 8 0.9
8 8 0
8 9 0.1
8 9 0.2
8 9 0.3
8 9 0.4
8 9 0.5
8 9 0.6
8 9 0.7
8 9 0.8
8 9 0.9
9 9 0
9 10 0.1
9 10 0.2
9 10 0.3
9 10 0.4
9 10 0.5
9 10 0.6
9 10 0.7
9 10 0.8
9 10 0.9
10 10 0
10 11 0.1
10 11 0.2
10 11 0.3
10 11 0.4
10 11 0.5
10 11 0.6
10 11 0.7
10 11 0.8
10 11 0.9
11 11 0
11 12 0.1
11 12 0.2
11 12 0.3
11 12 0.4
11 12 0.5
11 12 0.6
11 12 0.7
11 12 0.8
11 12 0.9
12 12 0
12 13 0.1
12 13 0.2
12 13 0.3
12 13 0.4
12 13 0.5
12 13 0.6
12 13 0.7
12 13 0.8
12 13 0.9
13 13 0
13 14 0.1
13 14 0.2
13 14 0.3
13 14 0.4
13 14 0.5
13 14 0.6
13 14 0.7
13 14 0.8
13 14 0.9
14 14 0
14 15 0.1
14 15 0.2
14 15 0.3
14 15 0.4
14 15 0.5
14 15 0.6
14 15 0.7
14 15 0.8
14 15 0.9
15 15 0
15 16 0.1
15 16 0.2
15 16 0.3
15 16 0.4
15 16 0.5
15 16 0.6
15 16 0.7
15 16 0.8
15 16 0.9
16 16 0
16 17 0.1
16 17 0.2
16 17 0.3
16 17 0.4
16 17 0.5
16 17 0.6
16 17 0.7
16 17 0.8
16 17 0.9
17 17 0
17 18 0.1
17 18 0.2
17 18 0.3
17 18 0.4
17 18 0.5
17 18 0.6
17 18 0.7
17 18 0.8
17 18 0.9
18 18 0
18 19 0.1
18 19 0.2
18 19 0.3
18 19 0.4
18 19 0.5
18 19 0.6
18 19 0.7
18 19 0.8
18 19 0.9
19 19 0
19 20 0.1
19 20 0.2
19 20 0.3
19 20 0.4
19 20 0.5
19 20 0.6
19 20 0.7
19 20 0.8
19 20 0.9
20 20 0
20 21 0.1
20 21 0.2
20 21 0.3
20 21 0.4
20 21 0.5
20 21 0.6
20 21 0.7
20 21 0.8
20 21 0.9
21 21 0
21 22 0.1
21 22 0.2
21 22 0.3
21 22 0.4
21 22 0.5
21 22 0.6
21 22 0.7
21 22 0.8
21 22 0.9
22 22 0
22 23 0.1
22 23 0.2
22 23 0.3
22 23 0.4
22 23 0.5
22 23 0.6
22 23 0.7
22 23 0.8
22 23 0.9
23 23 0
23 24 0.1
23 24 0.2
23 24 0.3
23 24 0.4
23 24 0.5
23 24 0.6
23 24 0.7
23 24 0.8
23 24 0.9
24 24 0
24 25 0.1
24 25 0.2
24 25 0.3
24 25 0.4
24 25 0.5
24 25 0.6
24 25 0.7
24 25 0.8
24 25 0.9
25 25 0
25 26 0.1
25 26 0.2
25 26 0.3
25 26 0.4
25 26 0.5
25 26 0.6
25 26 0.7
25 26 0.8
25 26 0.9
26 26 0
26 27 0.1
26 27 0.2
26 27 0.3
26 27 0.4
26 27 0.5
26 27 0.6
26 27 0.7
26 27 0.8
26 27 0.9
27 27 0
27 28 0.1
27 28 0.2
27 28 0.3
27 28 0.4
27 28 0.5
27 28 0.6
27 28 0.7
27 28 0.8
27 28 0.9
28 28 0
28 29 0.1
28 29 0.2
28 29 0.3
28 29 0.4
28 29 0.5
28 29 0.6
28 29 0.7
28 29 0.8
28 29 0.9
29 29 0
29 30 0.1
29 30 0.2
29 30 0.3
29 30 0.4
29 30 0.5
29 30 0.6
29 30 0.7
29 30 0.8
29 30 0.9
30 30 0
30 31 0.1
30 31 0.2
30 31 0.3
30 31 0.4
30 31 0.5
30 31 0.6
30 31 0.7
30 31 0.8
30 31 0.9
31 31 0
31 32 0.1
31 32 0.2
31 32 0.3
31 32 0.4
31 32 0.5
31 32 0.6
31 32 0.7
31 32 0.8
31 32 0.9
32 32 0
32 33 0.1
32 33 0.2
32 33 0.3
32 33 0.4
32 33 0.5
32 33 0.6
32 33 0.7
32 33 0.8
32 33 0.9
33 33 0
33 34 0.1
33 34 0.2
33 34 0.3
33 34 0.4
33 34 0.5
33 34 0.6
33 34 0.7
33 34 0.8
33 34 0.9
34 34 0
34 35 0.1
34 35 0.2
34 35 0.3
34 35 0.4
34 35 0.5
34 35 0.6
34 35 0.7
34 35 0.8
34 35 0.9
35 35 0
35 36 0.1
35 36 0.2
35 36 0.3
35 36 0.4
35 36 0.5
35 36 0.6
35 36 0.7
35 36 0.8
35 36 0.9
36 36 0
36 37 0.1
36 37 0.2
36 37 0.3
36 37 0.4
36 37 0.5
36 37 0.6
36 37 0.7
36 37 0.8
36 37 0.9
37 37 0
37 38 0.1
37 38 0.2
37 38 0.3
37 38 0.4
37 38 0.5
37 38 0.6
37 38 0.7
37 38 0.8
37 38 0.9
38 38 0
38 39 0.1
38 39 0.2
38 39 0.3
38 39 0.4
38 39 0.5
38 39 0.6
38 39 0.7
38 39 0.8
38 39 0.9
39 39 0
39 40 0.1
39 40 0.2
39 40 0.3
39 40 0.4
39 40 0.5
39 40 0.6
39 40 0.7
39 40 0.8
39 40 0.9
40 40 0
40 41 0.1
40 41 0.2
40 41 0.3
40 41 0.4
40 41 0.5
40 41 0.6
40 41 0.7
40 41 0.8
40 41 0.9
41 41 0
41 42 0.1
41 42 0.2
41 42 0.3
41 42 0.4
41 42 0.5
41 42 0.6
41 42 0.7
41 42 0.8
41 42 0.9
42 42 0
42 43 0.1
42 43 0.2
42 43 0.3
42 43 0.4
42 43 0.5
42 43 0.6
42 43 0.7
42 43 0.8
42 43 0.9
43 43 0
43 44 0.1
43 44 0.2
43 44 0.3
43 44 0.4
43 44 0.5
43 44 0.6
43 44 0.7
43 44 0.8
43 44 0.9
44 44 0
44 45 0.1
44 45 0.2
44 45 0.3
44 45 0.4
44 45 0.5
44 45 0.6
44 45 0.7
44 45 0.8
44 45 0.9
45 45 0
45 46 0.1
45 46 0.2
45 46 0.3
45 46 0.4
45 46 0.5
45 46 0.6
45 46 0.7
45 46 0.8
45 46 0.9
46 46 0
46 47 0.1
46 47 0.2
46 47 0.3
46 47 0.4
46 47 0.5
46 47 0.6
46 47 0.7
46 47 0.8
46 47 0.9
47 47 0
47 48 0.1
47 48 0.2
47 48 0.3
47 48 0.4
47 48 0.5
47 48 0.6
47 48 0.7
47 48 0.8
47 48 0.9
48 48 0
48 49 0.1
48 49 0.2
48 49 0.3
48 49 0.4
48 49 0.5
48 49 0.6
48 49 0.7
48 49 0.8
48 49 0.9
49 49 0
49 50 0.1
49 50 0.2
49 50 0.3
49 50 0.4
49 50 0.5
49 50 0.6
49 50 0.7
49 50 0.8
49 50 0.9
50 50 0
50 51 0.1
50 51 0.2
50 51 0.3
50 51 0.4
50 51 0.5
50 51 0.6
50 51 0.7
50 51 0.8
50 51 0.9
51 51 0
51 52 0.1
51 52 0.2
51 52 0.3
51 52 0.4
51 52 0.5
51 52 0.6
51 52 0.7
51 52 0.8
51 52 0.9
52 52 0
52 53 0.1
52 53 0.2
52 53 0.3
52 53 0.4
52 53 0.5
52 53 0.6
52 53 0.7
52 53 0.8
52 53 0.9
53 53 0
53 54 0.1
53 54 0.2
53 54 0.3
53 54 0.4
53 54 0.5
53 54 0.6
53 54 0.7
53 54 0.8
53 54 0.9
54 54 0
54 55 0.1
54 55 0.2
54 55 0.3
54 55 0.4
54 55 0.5
54 55 0.6
54 55 0.7
54 55 0.8
54 55 0.9
55 55 0
55 56 0.1
55 56 0.2
55 56 0.3
55 56 0.4
55 56 0.5
55 56 0.6
55 56 0.7
55 56 0.8
55 56 0.9
56 56 0
56 57 0.1
56 57 0.2
56 57 0.3
56 57 0.4
56 57 0.5
56 57 0.6
56 57 0.7
56 57 0.8
56 57 0.9
57 57 0
57 58 0.1
57 58 0.2
57 58 0.3
57 58 0.4
57 58 0.5
57 58 0.6
57 58 0.7
57 58 0.8
57 58 0.9
58 58 0
58 59 0.1
58 59 0.2
58 59 0.3
58 59 0.4
58 59 0.5
58 59 0.6
58 59 0.7
58 59 0.8
58 59 0.9
59 59 0
59 60 0.1
59 60 0.2
59 60 0.3
59 60 0.4
59 60 0.5
59 60 0.6
59 60 0.7
59 60 0.8
59 60 0.9
60 60 0
60 61 0.1
60 61 0.2
60 61 0.3
60 61 0.4
60 61 0.5
60 61 0.6
60 61 0.7
60 61 0.8
60 61 0.9
61 61 0
61 62 0.1
61 62 0.2
61 62 0.3
61 62 0.4
61 62 0.5
61 62 0.6
61 62 0.7
61 62 0.8
61 62 0.9
62 62 0
62 63 0.1
62 63 0.2
62 63 0.3
62 63 0.4
62 63 0.5
62 63 0.6
62 63 0.7
62 63 0.8
62 63 0.9
63 63 0
63 64 0.1
63 64 0.2
63 64 0.3
63 64 0.4
63 64 0.5
63 64 0.6
63 64 0.7
63 64 0.8
63 64 0.9
64 64 0
64 65 0.1
64 65 0.2
64 65 0.3
64 65 0.4
64 65 0.5
64 65 0.6
64 65 0.7
64 65 0.8
64 65 0.9
65 65 0
65 66 0.1
65 66 0.2
65 66 0.3
65 66 0.4
65 66 0.5
65 66 0.6
65 66 0.7
65 66 0.8
65 66 0.9
66 66 0
66 67 0.1
66 67 0.2
66 67 0.3
66 67 0.4
66 67 0.5
66 67 0.6
66 67 0.7
66 67 0.8
66 67 0.9
67 67 0
67 68 0.1
67 68 0.2
67 68 0.3
67 68 0.4
67 68 0.5
67 68 0.6
67 68 0.7
67 68 0.8
67 68 0.9
68 68 0
68 69 0.1
68 69 0.2
68 69 0.3
68 69 0.4
68 69 0.5
68 69 0.6
68 69 0.7
68 69 0.8
68 69 0.9
69 69 0
69 70 0.1
69 70 0.2
69 70 0.3
69 70 0.4
69 70 0.5
69 70 0.6
69 70 0.7
69 70 0.8
69 70 0.9
70 70 0
70 71 0.1
70 71 0.2
70 71 0.3
70 71 0.4
70 71 0.5
70 71 0.6
70 71 0.7
70 71 0.8
70 71 0.9
71 71 0
71 72 0.1
71 72 0.2
71 72 0.3
71 72 0.4
71 72 0.5
71 72 0.6
71 72 0.7
71 72 0.8
71 72 0.9
72 72 0
72 73 0.1
72 73 0.2
72 73 0.3
72 73 0.4
72 73 0.5
72 73 0.6
72 73 0.7
72 73 0.8
72 73 0.9
73 73 0
73 74 0.1
73 74 0.2
73 74 0.3
73 74 0.4
73 74 0.5
73 74 0.6
73 74 0.7
73 74 0.8
73 74 0.9
74 74 0
74 75 0.1
74 75 0.2
74 75 0.3
74 75 0.4
74 75 0.5
74 75 0.6
74 75 0.7
74 75 0.8
74 75 0.9
75 75 0
75 76 0.1
75 76 0.2
75 76 0.3
75 76 0.4
75 76 0.5
75 76 0.6
75 76 0.7
75 76 0.8
75 76 0.9
76 76 0
76 77 0.1
76 77 0.2
76 77 0.3
76 77 0.4
76 77 0.5
76 77 0.6
76 77 0.7
76 77 0.8
76 77 0.9
77 77 0
77 78 0.1
77 78 0.2
77 78 0.3
77 78 0.4
77 78 0.5
77 78 0.6
77 78 0.7
77 78 0.8
77 78 0.9
78 78 0
78 79 0.1
78 79 0.2
78 79 0.3
78 79 0.4
78 79 0.5
78 79 0.6
78 79 0.7
78 79 0.8
78 79 0.9
79 79 0
79 80 0.1
79 80 0.2
79 80 0.3
79 80 0.4
79 80 0.5
79 80 0.6
79 80 0.7
79 80 0.8
79 80 0.9
80 80 0
80 81 0.1
80 81 0.2
80 81 0.3
80 81 0.4
80 81 0.5
80 81 0.6
80 81 0.7
80 81 0.8
80 81 0.9
81 81 0
81 82 0.1
81 82 0.2
81 82 0.3
81 82 0.4
81 82 0.5
81 82 0.6
81 82 0.7
81 82 0.8
81 82 0.9
82 82 0
82 83 0.1
82 83 0.2
82 83 0.3
82 83 0.4
82 83 0.5
82 83 0.6
82 83 0.7
82 83 0.8
82 83 0.9
83 83 0
83 84 0.1
83 84 0.2
83 84 0.3
83 84 0.4
83 84 0.5
83 84 0.6
83 84 0.7
83 84 0.8
83 84 0.9
84 84 0
84 85 0.1
84 85 0.2
84 85 0.3
84 85 0.4
84 85 0.5
84 85 0.6
84 85 0.7
84 85 0.8
84 85 0.9
85 85 0
85 86 0.1
85 86 0.2
85 86 0.3
85 86 0.4
85 86 0.5
85 86 0.6
85 86 0.7
85 86 0.8
85 86 0.9
86 86 0
86 87 0.1
86 87 0.2
86 87 0.3
86 87 0.4
86 87 0.5
86 87 0.6
86 87 0.7
86 87 0.8
86 87 0.9
87 87 0
87 88 0.1
87 88 0.2
87 88 0.3
87 88 0.4
87 88 0.5
87 88 0.6
87 88 0.7
87 88 0.8
87 88 0.9
88 88 0
88 89 0.1
88 89 0.2
88 89 0.3
88 89 0.4
88 89 0.5
88 89 0.6
88 89 0.7
88 89 0.8
88 89 0.9
89 89 0
89 90 0.1
89 90 0.2
89 90 0.3
89 90 0.4
89 90 0.5
89 90 0.6
89 90 0.7
89 90 0.8
89 90 0.9
90 90 0
90 91 0.1
90 91 0.2
90 91 0.3
90 91 0.4
90 91 0.5
90 91 0.6
90 91 0.7
90 91 0.8
90 91 0.9
91 91 0
91 92 0.1
91 92 0.2
91 92 0.3
91 92 0.4
91 92 0.5
91 92 0.6
91 92 0.7
91 92 0.8
91 92 0.9
92 92 0
92 93 0.1
92 93 0.2
92 93 0.3
92 93 0.4
92 93 0.5
92 93 0.6
92 93 0.7
92 93 0.8
92 93 0.9
93 93 0
93 94 0.1
93 94 0.2
93 94 0.3
93 94 0.4
93 94 0.5
93 94 0.6
93 94 0.7
93 94 0.8
93 94 0.9
94 94 0
94 95 0.1
94 95 0.2
94 95 0.3
94 95 0.4
94 95 0.5
94 95 0.6
94 95 0.7
94 95 0.8
94 95 0.9
95 95 0
95 96 0.1
95 96 0.2
95 96 0.3
95 96 0.4
95 96 0.5
95 96 0.6
95 96 0.7
95 96 0.8
95 96 0.9
96 96 0
96 97 0.1
96 97 0.2
96 97 0.3
96 97 0.4
96 97 0.5
96 97 0.6
96 97 0.7
96 97 0.8
96 97 0.9
97 97 0
97 98 0.1
97 98 0.2
97 98 0.3
97 98 0.4
97 98 0.5
97 98 0.6
97 98 0.7
97 98 0.8
97 98 0.9
98 98 0
98 99 0.1
98 99 0.2
98 99 0.3
98 99 0.4
98 99 0.5
98 99 0.6
98 99 0.7
98 99 0.8
98 99 0.9
99 99 0
99 100 0.1
99 100 0.2
99 100 0.3
99 100 0.4
99 100 0.5
99 100 0.6
99 100 0.7
99 100 0.8
99 100 0.9
100 100 0
100 101 0.1
100 101 0.2
100 101 0.3
100 101 0.4
100 101 0.5
100 101 0.6
100 101 0.7
100 101 0.8
100 101 0.9
101 101 0
101 102 0.1
101 102 0.2
101 102 0.3
101 102 0.4
101 102 0.5
101 102 0.6
101 102 0.7
101 102 0.8
101 102 0.9
102 102 0
102 103 0.1
102 103 0.2
102 103 0.3
102 103 0.4
102 103 0.5
102 103 0.6
102 103 0.7
102 103 0.8
102 103 0.9
103 103 0
103 104 0.1
103 104 0.2
103 104 0.3
103 104 0.4
103 104 0.5
103 104 0.6
103 104 0.7
103 104 0.8
103 104 0.9
104 104 0
104 105 0.1
104 105 0.2
104 105 0.3
104 105 0.4
104 105 0.5
104 105 0.6
104 105 0.7
104 105 0.8
104 105 0.9
105 105 0
105 106 0.1
105 106 0.2
105 106 0.3
105 106 0.4
105 106 0.5
105 106 0.6
105 106 0.7
105 106 0.8
105 106 0.9
106 106 0
106 107 0.1
106 107 0.2
106 107 0.3
106 107 0.4
106 107 0.5
106 107 0.6
106 107 0.7
106 107 0.8
106 107 0.9
107 107 0
107 108 0.1
107 108 0.2
107 108 0.3
107 108 0.4
107 108 0.5
107 108 0.6
107 108 0.7
107 108 0.8
107 108 0.9
108 108 0
108 109 0.1
108 109 0.2
108 109 0.3
108 109 0.4
108 109 0.5
108 109 0.6
108 109 0.7
108 109 0.8
108 109 0.9
109 109 0
109 110 0.1
109 110 0.2
109 110 0.3
109 110 0.4
109 110 0.5
109 110 0.6
109 110 0.7
109 110 0.8
109 110 0.9
110 110 0
110 111 0.1
110 111 0.2
110 111 0.3
110 111 0.4
110 111 0.5
110 111 0.6
110 111 0.7
110 111 0.8
110 111 0.9
111 111 0
111 112 0.1
111 112 0.2
111 112 0.3
111 112 0.4
111 112 0.5
111 112 0.6
111 112 0.7
111 112 0.8
111 112 0.9
112 112 0
112 113 0.1
112 113 0.2
112 113 0.3
112 113 0.4
112 113 0.5
112 113 0.6
112 113 0.7
112 113 0.8
112 113 0.9
113 113 0
113 114 0.1
113 114 0.2
113 114 0.3
113 114 0.4
113 114 0.5
113 114 0.6
113 114 0.7
113 114 0.8
113 114 0.9
114 114 0
114 115 0.1
114 115 0.2
114 115 0.3
114 115 0.4
114 115 0.5
114 115 0.6
114 115 0.7
114 115 0.8
114 115 0.9
115 115 0
115 116 0.1
115 116 0.2
115 116 0.3
115 116 0.4
115 116 0.5
115 116 0.6
115 116 0.7
115 116 0.8
115 116 0.9
116 116 0
116 117 0.1
116 117 0.2
116 117 0.3
116 117 0.4
116 117 0.5
116 117 0.6
116 117 0.7
116 117 0.8
116 117 0.9
117 117 0
117 118 0.1
117 118 0.2
117 118 0.3
117 118 0.4
117 118 0.5
117 118 0.6
117 118 0.7
117 118 0.8
117 118 0.9
118 118 0
118 119 0.1
118 119 0.2
118 119 0.3
118 119 0.4
118 119 0.5
118 119 0.6
118 119 0.7
118 119 0.8
118 119 0.9
119 119 0
119 120 0.1
119 120 0.2
119 120 0.3
119 120 0.4
119 120 0.5
119 120 0.6
119 120 0.7
119 120 0.8
119 120 0.9
120 120 0
120 121 0.1
120 121 0.2
120 121 0.3
120 121 0.4
120 121 0.5
120 121 0.6
120 121 0.7
120 121 0.8
120 121 0.9
121 121 0
121 122 0.1
121 122 0.2
121 122 0.3
121 122 0.4
121 122 0.5
121 122 0.6
121 122 0.7
121 122 0.8
121 122 0.9
122 122 0
122 123 0.1
122 123 0.2
122 123 0.3
122 123 0.4
122 123 0.5
122 123 0.6
122 123 0.7
122 123 0.8
122 123 0.9
123 123 0
123 124 0.1
123 124 0.2
123 124 0.3
123 124 0.4
123 124 0.5
123 124 0.6
123 124 0.7
123 124 0.8
123 124 0.9
124 124 0
124 125 0.1
124 125 0.2
124 125 0.3
124 125 0.4
124 125 0.5
124 125 0.6
124 125 0.7
124 125 0.8
124 125 0.9
125 125 0
125 126 0.1
125 126 0.2
125 126 0.3
125 126 0.4
125 126 0.5
125 126 0.6
125 126 0.7
125 126 0.8
125 126 0.9
126 126 0
126 127 0.1
126 127 0.2
126 127 0.3
126 127 0.4
126 127 0.5
126 127 0.6
126 127 0.7
126 127 0.8
126 127 0.9
127 127 0
127 128 0.1
127 128 0.2
127 128 0.3
127 128 0.4
127 128 0.5
127 128 0.6
127 128 0.7
127 128 0.8
127 128 0.9
128 128 0
128 129 0.1
128 129 0.2
128 129 0.3
128 129 0.4
128 129 0.5
128 129 0.6
128 129 0.7
128 129 0.8
128 129 0.9
129 129 0
129 130 0.1
129 130 0.2
129 130 0.3
129 130 0.4
129 130 0.5
129 130 0.6
129 130 0.7
129 130 0.8
129 130 0.9
130 130 0
130 131 0.1
130 131 0.2
130 131 0.3
130 131 0.4
130 131 0.5
130 131 0.6
130 131 0.7
130 131 0.8
130 131 0.9
131 131 0
131 132 0.1
131 132 0.2
131 132 0.3
131 132 0.4
131 132 0.5
131 132 0.6
131 132 0.7
131 132 0.8
131 132 0.9
132 132 0
132 133 0.1
132 133 0.2
132 133 0.3
132 133 0.4
132 133 0.5
132 133 0.6
132 133 0.7
132 133 0.8
132 133 0.9
133 133 0
133 134 0.1
133 134 0.2
133 134 0.3
133 134 0.4
133 134 0.5
133 134 0.6
133 134 0.7
133 134 0.8
133 134 0.9
134 134 0
134 135 0.1
134 135 0.2
134 135 0.3
134 135 0.4
134 135 0.5
134 135 0.6
134 135 0.7
134 135 0.8
134 135 0.9
135 135 0
135 136 0.1
135 136 0.2
135 136 0.3
135 136 0.4
135 136 0.5
135 136 0.6
135 136 0.7
135 136 0.8
135 136 0.9
136 136 0
136 137 0.1
136 137 0.2
136 137 0.3
136 137 0.4
136 137 0.5
136 137 0.6
136 137 0.7
136 137 0.8
136 137 0.9
137 137 0
137 138 0.1
137 138 0.2
137 138 0.3
137 138 0.4
137 138 0.5
137 138 0.6
137 138 0.7
137 138 0.8
137 138 0.9
138 138 0
138 139 0.1
138 139 0.2
138 139 0.3
138 139 0.4
138 139 0.5
138 139 0.6
138 139 0.7
138 139 0.8
138 139 0.9
139 139 0
139 140 0.1
139 140 0.2
139 140 0.3
139 140 0.4
139 140 0.5
139 140 0.6
139 140 0.7
139 140 0.8
139 140 0.9
140 140 0
140 141 0.1
140 141 0.2
140 141 0.3
140 141 0.4
140 141 0.5
140 141 0.6
140 141 0.7
140 141 0.8
140 141 0.9
141 141 0
141 142 0.1
141 142 0.2
141 142 0.3
141 142 0.4
141 142 0.5
141 142 0.6
141 142 0.7
141 142 0.8
141 142 0.9
142 142 0
142 143 0.1
142 143 0.2
142 143 0.3
142 143 0.4
142 143 0.5
142 143 0.6
142 143 0.7
142 143 0.8
142 143 0.9
143 143 0
143 144 0.1
143 144 0.2
143 144 0.3
143 144 0.4
143 144 0.5
143 144 0.6
143 144 0.7
143 144 0.8
143 144 0.9
144 144 0
144 145 0.1
144 145 0.2
144 145 0.3
144 145 0.4
144 145 0.5
144 145 0.6
144 145 0.7
144 145 0.8
144 145 0.9
145 145 0
145 146 0.1
145 146 0.2
145 146 0.3
145 146 0.4
145 146 0.5
145 146 0.6
145 146 0.7
145 146 0.8
145 146 0.9
146 146 0
146 147 0.1
146 147 0.2
146 147 0.3
146 147 0.4
146 147 0.5
146 147 0.6
146 147 0.7
146 147 0.8
146 147 0.9
147 147 0
147 148 0.1
147 148 0.2
147 148 0.3
147 148 0.4
147 148 0.5
147 148 0.6
147 148 0.7
147 148 0.8
147 148 0.9
148 148 0
148 149 0.1
148 149 0.2
148 149 0.3
148 149 0.4
148 149 0.5
148 149 0.6
148 149 0.7
148 149 0.8
148 149 0.9
149 149 0
149 150 0.1
149 150 0.2
149 150 0.3
149 150 0.4
149 150 0.5
149 150 0.6
149 150 0.7
149 150 0.8
149 150 0.9
150 150 0
150 151 0.1
150 151 0.2
150 151 0.3
150 151 0.4
150 151 0.5
150 151 0.6
150 151 0.7
150 151 0.8
150 151 0.9
151 151 0
151 152 0.1
151 152 0.2
151 152 0.3
151 152 0.4
151 152 0.5
151 152 0.6
151 152 0.7
151 152 0.8
151 152 0.9
152 152 0
152 153 0.1
152 153 0.2
152 153 0.3
152 153 0.4
152 153 0.5
152 153 0.6
152 153 0.7
152 153 0.8
152 153 0.9
153 153 0
153 154 0.1
153 154 0.2
153 154 0.3
153 154 0.4
153 154 0.5
153 154 0.6
153 154 0.7
153 154 0.8
153 154 0.9
154 154 0
154 155 0.1
154 155 0.2
154 155 0.3
154 155 0.4
154 155 0.5
154 155 0.6
154 155 0.7
154 155 0.8
154 155 0.9
155 155 0
155 156 0.1
155 156 0.2
155 156 0.3
155 156 0.4
155 156 0.5
155 156 0.6
155 156 0.7
155 156 0.8
155 156 0.9
156 156 0
156 157 0.1
156 157 0.2
156 157 0.3
156 157 0.4
156 157 0.5
156 157 0.6
156 157 0.7
156 157 0.8
156 157 0.9
157 157 0
157 158 0.1
157 158 0.2
157 158 0.3
157 158 0.4
157 158 0.5
157 158 0.6
157 158 0.7
157 158 0.8
157 158 0.9
158 158 0
158 159 0.1
158 159 0.2
158 159 0.3
158 159 0.4
158 159 0.5
158 159 0.6
158 159 0.7
158 159 0.8
158 159 0.9
159 159 0
159 160 0.1
159 160 0.2
159 160 0.3
159 160 0.4
159 160 0.5
159 160 0.6
159 160 0.7
159 160 0.8
159 160 0.9
160 160 0
160 161 0.1
160 161 0.2
160 161 0.3
160 161 0.4
160 161 0.5
160 161 0.6
160 161 0.7
160 161 0.8
160 161 0.9
161 161 0
161 162 0.1
161 162 0.2
161 162 0.3
161 162 0.4
161 162 0.5
161 162 0.6
161 162 0.7
161 162 0.8
161 162 0.9
162 162 0
162 163 0.1
162 163 0.2
162 163 0.3
162 163 0.4
162 163 0.5
162 163 0.6
162 163 0.7
162 163 0.8
162 163 0.9
163 163 0
163 164 0.1
163 164 0.2
163 164 0.3
163 164 0.4
163 164 0.5
163 164 0.6
163 164 0.7
163 164 0.8
163 164 0.9
164 164 0
164 165 0.1
164 165 0.2
164 165 0.3
164 165 0.4
164 165 0.5
164 165 0.6
164 165 0.7
164 165 0.8
164 165 0.9
165 165 0
165 166 0.1
165 166 0.2
165 166 0.3
165 166 0.4
165 166 0.5
165 166 0.6
165 166 0.7
165 166 0.8
165 166 0.9
166 166 0
166 167 0.1
166 167 0.2
166 167 0.3
166 167 0.4
166 167 0.5
166 167 0.6
166 167 0.7
166 167 0.8
166 167 0.9
167 167 0
167 168 0.1
167 168 0.2
167 168 0.3
167 168 0.4
167 168 0.5
167 168 0.6
167 168 0.7
167 168 0.8
167 168 0.9
168 168 0
168 169 0.1
168 169 0.2
168 169 0.3
168 169 0.4
168 169 0.5
168 169 0.6
168 169 0.7
168 169 0.8
168 169 0.9
169 169 0
169 170 0.1
169 170 0.2
169 170 0.3
169 170 0.4
169 170 0.5
169 170 0.6
169 170 0.7
169 170 0.8
169 170 0.9
170 170 0
170 171 0.1
170 171 0.2
170 171 0.3
170 171 0.4
170 171 0.5
170 171 0.6
170 171 0.7
170 171 0.8
170 171 0.9
171 171 0
171 172 0.1
171 172 0.2
171 172 0.3
171 172 0.4
171 172 0.5
171 172 0.6
171 172 0.7
171 172 0.8
171 172 0.9
172 172 0
172 173 0.1
172 173 0.2
172 173 0.3
172 173 0.4
172 173 0.5
172 173 0.6
172 173 0.7
172 173 0.8
172 173 0.9
173 173 0
173 174 0.1
173 174 0.2
173 174 0.3
173 174 0.4
173 174 0.5
173 174 0.6
173 174 0.7
173 174 0.8
173 174 0.9
174 174 0
174 175 0.1
174 175 0.2
174 175 0.3
174 175 0.4
174 175 0.5
174 175 0.6
174 175 0.7
174 175 0.8
174 175 0.9
175 175 0
175 176 0.1
175 176 0.2
175 176 0.3
175 176 0.4
175 176 0.5
175 176 0.6
175 176 0.7
175 176 0.8
175 176 0.9
176 176 0
176 177 0.1
176 177 0.2
176 177 0.3
176 177 0.4
176 177 0.5
176 177 0.6
176 177 0.7
176 177 0.8
176 177 0.9
177 177 0
177 178 0.1
177 178 0.2
177 178 0.3
177 178 0.4
177 178 0.5
177 178 0.6
177 178 0.7
177 178 0.8
177 178 0.9
178 178 0
178 179 0.1
178 179 0.2
178 179 0.3
178 179 0.4
178 179 0.5
178 179 0.6
178 179 0.7
178 179 0.8
178 179 0.9
179 179 0
179 180 0.1
179 180 0.2
179 180 0.3
179 180 0.4
179 180 0.5
179 180 0.6
179 180 0.7
179 180 0.8
179 180 0.9
180 180 0
180 181 0.1
180 181 0.2
180 181 0.3
180 181 0.4
180 181 0.5
180 181 0.6
180 181 0.7
180 181 0.8
180 181 0.9
181 181 0
181 182 0.1
181 182 0.2
181 182 0.3
181 182 0.4
181 182 0.5
181 182 0.6
181 182 0.7
181 182 0.8
181 182 0.9
182 182 0
182 183 0.1
182 183 0.2
182 183 0.3
182 183 0.4
182 183 0.5
182 183 0.6
182 183 0.7
182 183 0.8
182 183 0.9
183 183 0
183 184 0.1
183 184 0.2
183 184 0.3
183 184 0.4
183 184 0.5
183 184 0.6
183 184 0.7
183 184 0.8
183 184 0.9
184 184 0
184 185 0.1
184 185 0.2
184 185 0.3
184 185 0.4
184 185 0.5
184 185 0.6
184 185 0.7
184 185 0.8
184 185 0.9
185 185 0
185 186 0.1
185 186 0.2
185 186 0.3
185 186 0.4
185 186 0.5
185 186 0.6
185 186 0.7
185 186 0.8
185 186 0.9
186 186 0
186 187 0.1
186 187 0.2
186 187 0.3
186 187 0.4
186 187 0.5
186 187 0.6
186 187 0.7
186 187 0.8
186 187 0.9
187 187 0
187 188 0.1
187 188 0.2
187 188 0.3
187 188 0.4
187 188 0.5
187 188 0.6
187 188 0.7
187 188 0.8
187 188 0.9
188 188 0
188 189 0.1
188 189 0.2
188 189 0.3
188 189 0.4
188 189 0.5
188 189 0.6
188 189 0.7
188 189 0.8
188 189 0.9
189 189 0
189 190 0.1
189 190 0.2
189 190 0.3
189 190 0.4
189 190 0.5
189 190 0.6
189 190 0.7
189 190 0.8
189 190 0.9
190 190 0
190 191 0.1
190 191 0.2
190 191 0.3
190 191 0.4
190 191 0.5
190 191 0.6
190 191 0.7
190 191 0.8
190 191 0.9
191 191 0
191 192 0.1
191 192 0.2
191 192 0.3
191 192 0.4
191 192 0.5
191 192 0.6
191 192 0.7
191 192 0.8
191 192 0.9
192 192 0
192 193 0.1
192 193 0.2
192 193 0.3
192 193 0.4
192 193 0.5
192 193 0.6
192 193 0.7
192 193 0.8
192 193 0.9
193 193 0
193 194 0.1
193 194 0.2
193 194 0.3
193 194 0.4
193 194 0.5
193 194 0.6
193 194 0.7
193 194 0.8
193 194 0.9
194 194 0
194 195 0.1
194 195 0.2
194 195 0.3
194 195 0.4
194 195 0.5
194 195 0.6
194 195 0.7
194 195 0.8
194 195 0.9
195 195 0
195 196 0.1
195 196 0.2
195 196 0.3
195 196 0.4
195 196 0.5
195 196 0.6
195 196 0.7
195 196 0.8
195 196 0.9
196 196 0
196 197 0.1
196 197 0.2
196 197 0.3
196 197 0.4
196 197 0.5
196 197 0.6
196 197 0.7
196 197 0.8
196 197 0.9
197 197 0
197 198 0.1
197 198 0.2
197 198 0.3
197 198 0.4
197 198 0.5
197 198 0.6
197 198 0.7
197 198 0.8
197 198 0.9
198 198 0
198 199 0.1
198 199 0.2
198 199 0.3
198 199 0.4
198 199 0.5
198 199 0.6
198 199 0.7
198 199 0.8
198 199 0.9
199 199 0
199 200 0.1
199 200 0.2
199 200 0.3
199 200 0.4
199 200 0.5
199 200 0.6
199 200 0.7
199 200 0.8
199 200 0.9
200 200 0
200 201 0.1
200 201 0.2
200 201 0.3
200 201 0.4
200 201 0.5
200 201 0.6
200 201 0.7
200 201 0.8
200 201 0.9
201 201 0
201 202 0.1
201 202 0.2
201 202 0.3
201 202 0.4
201 202 0.5
201 202 0.6
201 202 0.7
201 202 0.8
201 202 0.9
202 202 0
202 203 0.1
202 203 0.2
202 203 0.3
202 203 0.4
202 203 0.5
202 203 0.6
202 203 0.7
202 203 0.8
202 203 0.9
203 203 0
203 204 0.1
203 204 0.2
203 204 0.3
203 204 0.4
203 204 0.5
203 204 0.6
203 204 0.7
203 204 0.8
203 204 0.9
204 204 0
204 205 0.1
204 205 0.2
204 205 0.3
204 205 0.4
204 205 0.5
204 205 0.6
204 205 0.7
204 205 0.8
204 205 0.9
205 205 0
205 206 0.1
205 206 0.2
205 206 0.3
205 206 0.4
205 206 0.5
205 206 0.6
205 206 0.7
205 206 0.8
205 206 0.9
206 206 0
206 207 0.1
206 207 0.2
206 207 0.3
206 207 0.4
206 207 0.5
206 207 0.6
206 207 0.7
206 207 0.8
206 207 0.9
207 207 0
207 208 0.1
207 208 0.2
207 208 0.3
207 208 0.4
207 208 0.5
207 208 0.6
207 208 0.7
207 208 0.8
207 208 0.9
208 208 0
208 209 0.1
208 209 0.2
208 209 0.3
208 209 0.4
208 209 0.5
208 209 0.6
208 209 0.7
208 209 0.8
208 209 0.9
209 209 0
209 210 0.1
209 210 0.2
209 210 0.3
209 210 0.4
209 210 0.5
209 210 0.6
209 210 0.7
209 210 0.8
209 210 0.9
210 210 0
210 211 0.1
210 211 0.2
210 211 0.3
210 211 0.4
210 211 0.5
210 211 0.6
210 211 0.7
210 211 0.8
210 211 0.9
211 211 0
211 212 0.1
211 212 0.2
211 212 0.3
211 212 0.4
211 212 0.5
211 212 0.6
211 212 0.7
211 212 0.8
211 212 0.9
212 212 0
212 213 0.1
212 213 0.2
212 213 0.3
212 213 0.4
212 213 0.5
212 213 0.6
212 213 0.7
212 213 0.8
212 213 0.9
213 213 0
213 214 0.1
213 214 0.2
213 214 0.3
213 214 0.4
213 214 0.5
213 214 0.6
213 214 0.7
213 214 0.8
213 214 0.9
214 214 0
214 215 0.1
214 215 0.2
214 215 0.3
214 215 0.4
214 215 0.5
214 215 0.6
214 215 0.7
214 215 0.8
214 215 0.9
215 215 0
215 216 0.1
215 216 0.2
215 216 0.3
215 216 0.4
215 216 0.5
215 216 0.6
215 216 0.7
215 216 0.8
215 216 0.9
216 216 0
216 217 0.1
216 217 0.2
216 217 0.3
216 217 0.4
216 217 0.5
216 217 0.6
216 217 0.7
216 217 0.8
216 217 0.9
217 217 0
217 218 0.1
217 218 0.2
217 218 0.3
217 218 0.4
217 218 0.5
217 218 0.6
217 218 0.7
217 218 0.8
217 218 0.9
218 218 0
218 219 0.1
218 219 0.2
218 219 0.3
218 219 0.4
218 219 0.5
218 219 0.6
218 219 0.7
218 219 0.8
218 219 0.9
219 219 0
219 220 0.1
219 220 0.2
219 220 0.3
219 220 0.4
219 220 0.5
219 220 0.6
219 220 0.7
219 220 0.8
219 220 0.9
220 220 0
220 221 0.1
220 221 0.2
220 221 0.3
220 221 0.4
220 221 0.5
220 221 0.6
220 221 0.7
220 221 0.8
220 221 0.9
221 221 0
221 222 0.1
221 222 0.2
221 222 0.3
221 222 0.4
221 222 0.5
221 222 0.6
221 222 0.7
221 222 0.8
221 222 0.9
222 222 0
222 223 0.1
222 223 0.2
222 223 0.3
222 223 0.4
222 223 0.5
222 223 0.6
222 223 0.7
222 223 0.8
222 223 0.9
223 223 0
223 224 0.1
223 224 0.2
223 224 0.3
223 224 0.4
223 224 0.5
223 224 0.6
223 224 0.7
223 224 0.8
223 224 0.9
224 224 0
224 225 0.1
224 225 0.2
224 225 0.3
224 225 0.4
224 225 0.5
224 225 0.6
224 225 0.7
224 225 0.8
224 225 0.9
225 225 0
225 226 0.1
225 226 0.2
225 226 0.3
225 226 0.4
225 226 0.5
225 226 0.6
225 226 0.7
225 226 0.8
225 226 0.9
226 226 0
226 227 0.1
226 227 0.2
226 227 0.3
226 227 0.4
226 227 0.5
226 227 0.6
226 227 0.7
226 227 0.8
226 227 0.9
227 227 0
227 228 0.1
227 228 0.2
227 228 0.3
227 228 0.4
227 228 0.5
227 228 0.6
227 228 0.7
227 228 0.8
227 228 0.9
228 228 0
228 229 0.1
228 229 0.2
228 229 0.3
228 229 0.4
228 229 0.5
228 229 0.6
228 229 0.7
228 229 0.8
228 229 0.9
229 229 0
229 230 0.1
229 230 0.2
229 230 0.3
229 230 0.4
229 230 0.5
229 230 0.6
229 230 0.7
229 230 0.8
229 230 0.9
230 230 0
230 231 0.1
230 231 0.2
230 231 0.3
230 231 0.4
230 231 0.5
230 231 0.6
230 231 0.7
230 231 0.8
230 231 0.9
231 231 0
231 232 0.1
231 232 0.2
231 232 0.3
231 232 0.4
231 232 0.5
231 232 0.6
231 232 0.7
231 232 0.8
231 232 0.9
232 232 0
232 233 0.1
232 233 0.2
232 233 0.3
232 233 0.4
232 233 0.5
232 233 0.6
232 233 0.7
232 233 0.8
232 233 0.9
233 233 0
233 234 0.1
233 234 0.2
233 234 0.3
233 234 0.4
233 234 0.5
233 234 0.6
233 234 0.7
233 234 0.8
233 234 0.9
234 234 0
234 235 0.1
234 235 0.2
234 235 0.3
234 235 0.4
234 235 0.5
234 235 0.6
234 235 0.7
234 235 0.8
234 235 0.9
235 235 0
235 236 0.1
235 236 0.2
235 236 0.3
235 236 0.4
235 236 0.5
235 236 0.6
235 236 0.7
235 236 0.8
235 236 0.9
236 236 0
236 237 0.1
236 237 0.2
236 237 0.3
236 237 0.4
236 237 0.5
236 237 0.6
236 237 0.7
236 237 0.8
236 237 0.9
237 237 0
237 238 0.1
237 238 0.2
237 238 0.3
237 238 0.4
237 238 0.5
237 238 0.6
237 238 0.7
237 238 0.8
237 238 0.9
238 238 0
238 239 0.1
238 239 0.2
238 239 0.3
238 239 0.4
238 239 0.5
238 239 0.6
238 239 0.7
238 239 0.8
238 239 0.9
239 239 0
239 240 0.1
239 240 0.2
239 240 0.3
239 240 0.4
239 240 0.5
239 240 0.6
239 240 0.7
239 240 0.8
239 240 0.9
240 240 0
240 241 0.1
240 241 0.2
240 241 0.3
240 241 0.4
240 241 0.5
240 241 0.6
240 241 0.7
240 241 0.8
240 241 0.9
241 241 0
241 242 0.1
241 242 0.2
241 242 0.3
241 242 0.4
241 242 0.5
241 242 0.6
241 242 0.7
241 242 0.8
241 242 0.9
242 242 0
242 243 0.1
242 243 0.2
242 243 0.3
242 243 0.4
242 243 0.5
242 243 0.6
242 243 0.7
242 243 0.8
242 243 0.9
243 243 0
243 244 0.1
243 244 0.2
243 244 0.3
243 244 0.4
243 244 0.5
243 244 0.6
243 244 0.7
243 244 0.8
243 244 0.9
244 244 0
244 245 0.1
244 245 0.2
244 245 0.3
244 245 0.4
244 245 0.5
244 245 0.6
244 245 0.7
244 245 0.8
244 245 0.9
245 245 0
245 246 0.1
245 246 0.2
245 246 0.3
245 246 0.4
245 246 0.5
245 246 0.6
245 246 0.7
245 246 0.8
245 246 0.9
246 246 0
246 247 0.1
246 247 0.2
246 247 0.3
246 247 0.4
246 247 0.5
246 247 0.6
246 247 0.7
246 247 0.8
246 247 0.9
247 247 0
247 248 0.1
247 248 0.2
247 248 0.3
247 248 0.4
247 248 0.5
247 248 0.6
247 248 0.7
247 248 0.8
247 248 0.9
248 248 0
248 249 0.1
248 249 0.2
248 249 0.3
248 249 0.4
248 249 0.5
248 249 0.6
248 249 0.7
248 249 0.8
248 249 0.9
249 249 0
249 250 0.1
249 250 0.2
249 250 0.3
249 250 0.4
249 250 0.5
249 250 0.6
249 250 0.7
249 250 0.8
249 250 0.9
250 250 0
250 251 0.1
250 251 0.2
250 251 0.3
250 251 0.4
250 251 0.5
250 251 0.6
250 251 0.7
250 251 0.8
250 251 0.9
251 251 0
251 252 0.1
251 252 0.2
251 252 0.3
251 252 0.4
251 252 0.5
251 252 0.6
251 252 0.7
251 252 0.8
251 252 0.9
252 252 0
252 253 0.1
252 253 0.2
252 253 0.3
252 253 0.4
252 253 0.5
252 253 0.6
252 253 0.7
252 253 0.8
252 253 0.9
253 253 0
253 254 0.1
253 254 0.2
253 254 0.3
253 254 0.4
253 254 0.5
253 254 0.6
253 254 0.7
253 254 0.8
253 254 0.9
254 254 0
254 255 0.1
254 255 0.2
254 255 0.3
254 255 0.4
254 255 0.5
254 255 0.6
254 255 0.7
254 255 0.8
254 255 0.9
255 255 0
255 256 0.1
255 256 0.2
255 256 0.3
255 256 0.4
255 256 0.5
255 256 0.6
255 256 0.7
255 256 0.8
255 256 0.9
256 256 0
256 257 0.1
256 257 0.2
256 257 0.3
256 257 0.4
256 257 0.5
256 257 0.6
256 257 0.7
256 257 0.8
256 257 0.9
257 257 0
257 258 0.1
257 258 0.2
257 258 0.3
257 258 0.4
257 258 0.5
257 258 0.6
257 258 0.7
257 258 0.8
257 258 0.9
258 258 0
258 259 0.1
258 259 0.2
258 259 0.3
258 259 0.4
258 259 0.5
258 259 0.6
258 259 0.7
258 259 0.8
258 259 0.9
259 259 0
259 260 0.1
259 260 0.2
259 260 0.3
259 260 0.4
259 260 0.5
259 260 0.6
259 260 0.7
259 260 0.8
259 260 0.9
260 260 0
260 261 0.1
260 261 0.2
260 261 0.3
260 261 0.4
260 261 0.5
260 261 0.6
260 261 0.7
260 261 0.8
260 261 0.9
261 261 0
261 262 0.1
261 262 0.2
261 262 0.3
261 262 0.4
261 262 0.5
261 262 0.6
261 262 0.7
261 262 0.8
261 262 0.9
262 262 0
262 263 0.1
262 263 0.2
262 263 0.3
262 263 0.4
262 263 0.5
262 263 0.6
262 263 0.7
262 263 0.8
262 263 0.9
263 263 0
263 264 0.1
263 264 0.2
263 264 0.3
263 264 0.4
263 264 0.5
263 264 0.6
263 264 0.7
263 264 0.8
263 264 0.9
264 264 0
264 265 0.1
264 265 0.2
264 265 0.3
264 265 0.4
264 265 0.5
264 265 0.6
264 265 0.7
264 265 0.8
264 265 0.9
265 265 0
265 266 0.1
265 266 0.2
265 266 0.3
265 266 0.4
265 266 0.5
265 266 0.6
265 266 0.7
265 266 0.8
265 266 0.9
266 266 0
266 267 0.1
266 267 0.2
266 267 0.3
266 267 0.4
266 267 0.5
266 267 0.6
266 267 0.7
266 267 0.8
266 267 0.9
267 267 0
267 268 0.1
267 268 0.2
267 268 0.3
267 268 0.4
267 268 0.5
267 268 0.6
267 268 0.7
267 268 0.8
267 268 0.9
268 268 0
268 269 0.1
268 269 0.2
268 269 0.3
268 269 0.4
268 269 0.5
268 269 0.6
268 269 0.7
268 269 0.8
268 269 0.9
269 269 0
269 270 0.1
269 270 0.2
269 270 0.3
269 270 0.4
269 270 0.5
269 270 0.6
269 270 0.7
269 270 0.8
269 270 0.9
270 270 0
270 271 0.1
270 271 0.2
270 271 0.3
270 271 0.4
270 271 0.5
270 271 0.6
270 271 0.7
270 271 0.8
270 271 0.9
271 271 0
271 272 0.1
271 272 0.2
271 272 0.3
271 272 0.4
271 272 0.5
271 272 0.6
271 272 0.7
271 272 0.8
271 272 0.9
272 272 0
272 273 0.1
272 273 0.2
272 273 0.3
272 273 0.4
272 273 0.5
272 273 0.6
272 273 0.7
272 273 0.8
272 273 0.9
273 273 0
273 274 0.1
273 274 0.2
273 274 0.3
273 274 0.4
273 274 0.5
273 274 0.6
273 274 0.7
273 274 0.8
273 274 0.9
274 274 0
274 275 0.1
274 275 0.2
274 275 0.3
274 275 0.4
274 275 0.5
274 275 0.6
274 275 0.7
274 275 0.8
274 275 0.9
275 275 0
275 276 0.1
275 276 0.2
275 276 0.3
275 276 0.4
275 276 0.5
275 276 0.6
275 276 0.7
275 276 0.8
275 276 0.9
276 276 0
276 277 0.1
276 277 0.2
276 277 0.3
276 277 0.4
276 277 0.5
276 277 0.6
276 277 0.7
276 277 0.8
276 277 0.9
277 277 0
277 278 0.1
277 278 0.2
277 278 0.3
277 278 0.4
277 278 0.5
277 278 0.6
277 278 0.7
277 278 0.8
277 278 0.9
278 278 0
278 279 0.1
278 279 0.2
278 279 0.3
278 279 0.4
278 279 0.5
278 279 0.6
278 279 0.7
278 279 0.8
278 279 0.9
279 279 0
279 280 0.1
279 280 0.2
279 280 0.3
279 280 0.4
279 280 0.5
279 280 0.6
279 280 0.7
279 280 0.8
279 280 0.9
280 280 0
280 281 0.1
280 281 0.2
280 281 0.3
280 281 0.4
280 281 0.5
280 281 0.6
280 281 0.7
280 281 0.8
280 281 0.9
281 281 0
281 282 0.1
281 282 0.2
281 282 0.3
281 282 0.4
281 282 0.5
281 282 0.6
281 282 0.7
281 282 0.8
281 282 0.9
282 282 0
282 283 0.1
282 283 0.2
282 283 0.3
282 283 0.4
282 283 0.5
282 283 0.6
282 283 0.7
282 283 0.8
282 283 0.9
283 283 0
283 284 0.1
283 284 0.2
283 284 0.3
283 284 0.4
283 284 0.5
283 284 0.6
283 284 0.7
283 284 0.8
283 284 0.9
284 284 0
284 285 0.1
284 285 0.2
284 285 0.3
284 285 0.4
284 285 0.5
284 285 0.6
284 285 0.7
284 285 0.8
284 285 0.9
285 285 0
285 286 0.1
285 286 0.2
285 286 0.3
285 286 0.4
285 286 0.5
285 286 0.6
285 286 0.7
285 286 0.8
285 286 0.9
286 286 0
286 287 0.1
286 287 0.2
286 287 0.3
286 287 0.4
286 287 0.5
286 287 0.6
286 287 0.7
286 287 0.8
286 287 0.9
287 287 0
287 288 0.1
287 288 0.2
287 288 0.3
287 288 0.4
287 288 0.5
287 288 0.6
287 288 0.7
287 288 0.8
287 288 0.9
288 288 0
288 289 0.1
288 289 0.2
288 289 0.3
288 289 0.4
288 289 0.5
288 289 0.6
288 289 0.7
288 289 0.8
288 289 0.9
289 289 0
289 290 0.1
289 290 0.2
289 290 0.3
289 290 0.4
289 290 0.5
289 290 0.6
289 290 0.7
289 290 0.8
289 290 0.9
290 290 0
290 291 0.1
290 291 0.2
290 291 0.3
290 291 0.4
290 291 0.5
290 291 0.6
290 291 0.7
290 291 0.8
290 291 0.9
291 291 0
291 292 0.1
291 292 0.2
291 292 0.3
291 292 0.4
291 292 0.5
291 292 0.6
291 292 0.7
291 292 0.8
291 292 0.9
292 292 0
292 293 0.1
292 293 0.2
292 293 0.3
292 293 0.4
292 293 0.5
292 293 0.6
292 293 0.7
292 293 0.8
292 293 0.9
293 293 0
293 294 0.1
293 294 0.2
293 294 0.3
293 294 0.4
293 294 0.5
293 294 0.6
293 294 0.7
293 294 0.8
293 294 0.9
294 294 0
294 295 0.1
294 295 0.2
294 295 0.3
294 295 0.4
294 295 0.5
294 295 0.6
294 295 0.7
294 295 0.8
294 295 0.9
295 295 0
295 296 0.1
295 296 0.2
295 296 0.3
295 296 0.4
295 296 0.5
295 296 0.6
295 296 0.7
295 296 0.8
295 296 0.9
296 296 0
296 297 0.1
296 297 0.2
296 297 0.3
296 297 0.4
296 297 0.5
296 297 0.6
296 297 0.7
296 297 0.8
296 297 0.9
297 297 0
297 298 0.1
297 298 0.2
297 298 0.3
297 298 0.4
297 298 0.5
297 298 0.6
297 298 0.7
297 298 0.8
297 298 0.9
298 298 0
298 299 0.1
298 299 0.2
298 299 0.3
298 299 0.4
298 299 0.5
298 299 0.6
298 299 0.7
298 299 0.8
298 299 0.9
299 299 0
299 300 0.1
299 300 0.2
299 300 0.3
299 300 0.4
299 300 0.5
299 300 0.6
299 300 0.7
299 300 0.8
299 300 0.9
300 300 0
