1 0 0
2 0 0
3 0 0
4 0 0
5 0 0
6 0 0
7 0 0
8 0 0
9 0 0
10 0 0
11 0 0
12 0 0
13 0 0
14 0 0
15 0 0
16 0 0
17 0 0
18 0 0
19 0 0
20 0 0
21 0 0
22 0 0
23 0 0
24 0 0
25 0 0
26 0 0
27 0 0
28 0 0
29 0 0
30 0 0
31 0 0
32 0 0
33 0 0
34 0 0
35 0 0
36 0 0
37 0 0
38 0 0
39 0 0
40 0 0
41 0 0
42 0 0
43 0 0
44 0 0
45 0 0
46 0 0
47 0 0
48 0 0
49 0 0
50 0 0
51 0 0
52 0 0
53 0 0
54 0 0
55 0 0
56 0 0
57 0 0
58 0 0
59 0 0
60 0 0
61 0 0
62 0 0
63 0 0
64 0 0
65 0 0
66 0 0
67 0 0
68 0 0
69 0 0
70 0 0
71 0 0
72 0 0
73 0 0
74 0 0
75 0 0
76 0 0
77 0 0
78 0 0
79 0 0
80 0 0
81 0 0
82 0 0
83 0 0
84 0 0
85 0 0
86 0 0
87 0 0
88 0 0
89 0 0
90 0 0
91 0 0
92 0 0
93 0 0
94 0 0
95 0 0
96 0 0
97 0 0
98 0 0
99 0 0
100 0 0
101 0 0
102 0 0
103 0 0
104 0 0
105 0 0
106 0 0
107 0 0
108 0 0
109 0 0
110 0 0
111 0 0
112 0 0
113 0 0
114 0 0
115 0 0
116 0 0
117 0 0
118 0 0
119 0 0
120 0 0
121 0 0
122 0 0
123 0 0
124 0 0
125 0 0
126 0 0
127 0 0
128 0 0
129 0 0
130 0 0
131 0 0
132 0 0
133 0 0
134 0 0
135 0 0
136 0 0
137 0 0
138 0 0
139 0 0
140 0 0
141 0 0
142 0 0
143 0 0
144 0 0
145 0 0
146 0 0
147 0 0
148 0 0
149 0 0
150 0 0
151 0 0
152 0 0
153 0 0
154 0 0
155 0 0
156 0 0
157 0 0
158 0 0
159 0 0
160 0 0
161 0 0
162 0 0
163 0 0
164 0 0
165 0 0
166 0 0
167 0 0
168 0 0
169 0 0
170 0 0
171 0 0
172 0 0
173 0 0
174 0 0
175 0 0
176 0 0
177 0 0
178 0 0
179 0 0
180 0 0
181 0 0
182 0 0
183 0 0
184 0 0
185 0 0
186 0 0
187 0 0
188 0 0
189 0 0
190 0 0
191 0 0
192 0 0
193 0 0
194 0 0
195 0 0
196 0 0
197 0 0
198 0 0
199 0 0
200 0 0
201 127 136
202 177 126
203 171 160
204 109 16
205 95 166
206 5 132
207 115 150
208 59 98
209 75 196
210 119 30
211 117 74
212 95 64
213 53 142
214 109 8
215 119 18
216 25 122
217 115 198
218 137 114
219 143 188
220 113 116
221 99 94
222 113 54
223 85 82
224 15 184
225 37 138
226 11 164
227 87 170
228 59 88
229 39 60
230 27 48
231 81 158
232 23 28
233 155 10
234 9 178
235 99 22
236 123 134
237 9 46
238 155 192
239 159 70
240 111 180
241 167 78
242 11 72
243 173 40
244 91 92
245 47 108
246 109 38
247 81 2
248 27 66
249 167 194
250 171 52
251 143 106
252 169 154
253 175 90
254 181 174
255 155 50
256 11 24
257 161 68
258 15 176
259 153 76
260 23 100
261 47 172
262 153 120
263 151 124
264 45 200
265 151 112
266 151 96
267 127 182
268 115 110
269 85 14
270 121 102
271 137 34
272 177 12
273 175 58
274 171 130
275 71 56
276 103 42
277 159 84
278 167 152
279 75 148
280 85 144
281 127 86
282 103 128
283 159 6
284 123 140
285 117 190
286 47 20
287 25 104
288 59 80
289 113 168
290 189 44
291 157 118
292 111 146
293 91 186
294 173 36
295 91 4
296 119 32
297 195 156
298 71 162
299 143 62
300 169 26
301 9 136
302 161 126
303 95 160
304 95 16
305 171 166
306 27 132
307 103 150
308 39 98
309 81 196
310 177 30
311 99 74
312 39 64
313 157 142
314 145 8
315 145 18
316 153 122
317 53 198
318 23 114
319 9 188
320 113 116
321 161 94
322 53 54
323 15 82
324 169 184
325 111 138
326 181 164
327 115 170
328 145 88
329 103 60
330 123 48
331 37 158
332 195 28
333 159 10
334 121 178
335 123 22
336 121 134
337 75 46
338 143 192
339 137 70
340 109 180
341 121 78
342 187 72
343 181 40
344 187 92
345 91 108
346 157 38
347 175 2
348 111 66
349 71 194
350 189 52
351 53 106
352 145 154
353 173 90
354 15 174
355 87 50
356 87 24
357 195 68
358 177 176
359 25 76
360 169 100
361 47 172
362 119 120
363 71 124
364 39 200
365 5 112
366 5 96
367 189 182
368 195 110
369 37 14
370 187 102
371 23 34
372 85 12
373 59 58
374 153 130
375 87 56
376 187 42
377 137 84
378 181 152
379 11 148
380 117 144
381 189 86
382 37 128
383 75 6
384 45 140
385 151 190
386 175 20
387 99 104
388 155 80
389 157 168
390 45 44
391 5 118
392 27 146
393 127 186
394 173 36
395 81 4
396 117 32
397 45 156
398 161 162
399 25 62
400 167 26
401 335 344
402 339 282
403 305 332
404 301 318
405 383 266
406 221 364
407 279 394
408 295 384
409 201 392
410 203 214
411 347 256
412 307 340
413 211 202
414 313 390
415 335 284
416 327 234
417 265 296
418 243 250
419 365 206
420 389 324
421 305 342
422 225 294
423 393 358
424 221 312
425 315 292
426 349 326
427 227 216
428 395 240
429 377 236
430 355 242
431 255 398
432 351 368
433 387 254
434 289 276
435 293 270
436 301 350
437 257 380
438 207 354
439 385 314
440 343 378
441 211 204
442 257 400
443 259 348
444 393 228
445 325 232
446 293 316
447 387 330
448 275 244
449 209 280
450 321 328
451 321 222
452 393 300
453 321 366
454 203 218
455 293 386
456 343 260
457 295 320
458 377 210
459 377 246
460 387 396
461 243 268
462 343 230
463 273 336
464 259 362
465 397 374
466 315 306
467 227 372
468 365 264
469 347 290
470 275 274
471 283 370
472 257 382
473 347 272
474 325 226
475 259 304
476 283 238
477 339 376
478 227 356
479 265 322
480 345 248
481 313 360
482 289 212
483 385 310
484 211 338
485 257 352
486 349 334
487 285 262
488 273 278
489 201 286
490 227 298
491 201 208
492 393 288
493 203 258
494 327 388
495 327 308
496 201 302
497 247 224
498 211 220
499 279 252
500 225 346
501 339 344
502 349 282
503 397 332
504 209 318
505 301 266
506 365 364
507 221 394
508 203 384
509 315 392
510 285 214
511 355 256
512 295 340
513 305 202
514 307 390
515 243 284
516 389 234
517 247 296
518 285 250
519 345 206
520 383 324
521 265 342
522 343 294
523 325 358
524 339 312
525 279 292
526 305 326
527 299 216
528 315 240
529 299 236
530 209 242
531 395 398
532 225 368
533 385 254
534 365 276
535 219 270
536 273 350
537 225 380
538 351 354
539 307 314
540 347 378
541 385 204
542 377 400
543 275 348
544 351 228
545 219 232
546 247 316
547 207 330
548 301 244
549 321 280
550 389 328
551 293 222
552 273 300
553 259 366
554 255 218
555 209 386
556 285 260
557 349 320
558 351 210
559 303 246
560 279 396
561 387 268
562 383 230
563 283 336
564 307 362
565 313 374
566 289 306
567 255 372
568 395 264
569 383 290
570 243 274
571 207 370
572 247 382
573 335 272
574 395 226
575 327 304
576 303 238
577 397 376
578 299 356
579 299 322
580 219 248
581 355 360
582 255 212
583 313 310
584 397 338
585 303 352
586 335 334
587 345 262
588 303 278
589 295 286
590 207 298
591 275 208
592 389 288
593 345 258
594 289 388
595 355 308
596 325 302
597 221 224
598 283 220
599 265 252
600 219 346
601 493 426
602 563 596
603 591 498
604 521 540
605 441 564
606 461 524
607 429 580
608 559 556
609 407 598
610 423 428
611 541 568
612 579 570
613 505 490
614 503 454
615 591 514
616 515 508
617 591 562
618 531 594
619 415 418
620 407 560
621 529 406
622 593 504
623 555 558
624 485 588
625 535 488
626 461 444
627 459 506
628 525 530
629 555 402
630 493 442
631 585 448
632 417 468
633 405 586
634 537 432
635 465 484
636 585 466
637 521 512
638 515 526
639 463 532
640 539 462
641 423 440
642 473 494
643 427 446
644 423 410
645 531 470
646 527 592
647 493 584
648 439 436
649 599 424
650 483 522
651 461 412
652 421 434
653 511 538
654 459 414
655 491 536
656 559 416
657 473 578
658 513 600
659 535 546
660 507 420
661 417 576
662 439 422
663 599 566
664 405 456
665 407 502
666 565 520
667 563 458
668 429 496
669 531 438
670 541 544
671 539 480
672 565 590
673 427 554
674 585 548
675 493 550
676 529 510
677 541 450
678 441 516
679 561 492
680 489 472
681 407 572
682 535 452
683 491 464
684 413 528
685 485 574
686 521 542
687 535 460
688 567 474
689 525 500
690 465 486
691 489 404
692 497 408
693 555 552
694 537 478
695 483 582
696 487 534
697 507 476
698 529 518
699 427 430
700 539 482
701 491 426
702 465 596
703 503 498
704 505 540
705 439 564
706 417 524
707 469 580
708 591 556
709 515 598
710 463 428
711 421 568
712 585 570
713 539 490
714 413 454
715 405 514
716 473 508
717 593 562
718 525 594
719 511 418
720 505 560
721 507 406
722 413 504
723 487 558
724 485 588
725 555 488
726 561 444
727 513 506
728 565 530
729 439 402
730 415 442
731 427 448
732 531 468
733 527 586
734 463 432
735 423 484
736 459 466
737 459 512
738 429 526
739 469 532
740 487 462
741 469 440
742 567 494
743 483 446
744 473 410
745 527 470
746 563 592
747 487 584
748 579 436
749 537 424
750 511 522
751 527 412
752 521 434
753 441 538
754 461 414
755 593 536
756 497 416
757 465 578
758 579 600
759 415 546
760 491 420
761 513 576
762 599 422
763 489 566
764 511 456
765 565 502
766 559 520
767 579 458
768 503 496
769 599 438
770 429 544
771 559 480
772 503 590
773 485 554
774 497 548
775 567 550
776 415 510
777 561 450
778 525 516
779 561 492
780 537 472
781 469 572
782 413 452
783 489 464
784 441 528
785 463 574
786 563 542
787 421 460
788 483 474
789 567 500
790 529 486
791 417 404
792 421 408
793 497 552
794 513 478
795 507 582
796 405 534
797 505 476
798 515 518
799 593 430
800 541 482
801 759 646
802 749 720
803 691 654
804 667 640
805 705 690
806 771 738
807 671 736
808 709 604
809 719 768
810 621 792
811 711 652
812 643 744
813 643 794
814 723 664
815 747 758
816 747 714
817 711 662
818 681 706
819 753 658
820 779 630
821 633 618
822 727 788
823 779 784
824 767 680
825 607 748
826 773 742
827 679 774
828 763 790
829 745 746
830 621 648
831 717 678
832 767 726
833 673 686
834 673 602
835 641 770
836 761 632
837 711 752
838 617 614
839 705 650
840 715 638
841 729 704
842 793 628
843 757 622
844 607 642
845 769 702
846 657 716
847 723 750
848 685 740
849 657 724
850 633 762
851 721 712
852 723 734
853 727 764
854 771 694
855 711 666
856 719 728
857 745 710
858 739 778
859 747 672
860 771 760
861 749 608
862 759 692
863 781 780
864 607 634
865 791 606
866 781 696
867 779 636
868 719 688
869 791 612
870 715 776
871 685 624
872 691 718
873 751 656
874 763 660
875 651 644
876 773 798
877 681 730
878 685 616
879 719 674
880 731 766
881 751 772
882 757 676
883 671 732
884 773 786
885 757 682
886 727 670
887 643 756
888 679 800
889 759 620
890 641 698
891 751 626
892 793 708
893 627 668
894 673 684
895 643 610
896 739 782
897 771 754
898 789 722
899 769 700
900 763 796
901 747 646
902 779 720
903 725 654
904 627 640
905 651 690
906 793 738
907 667 736
908 735 604
909 725 768
910 709 792
911 657 652
912 749 744
913 763 794
914 739 664
915 627 758
916 621 714
917 617 662
918 731 706
919 725 658
920 651 630
921 759 618
922 781 788
923 721 784
924 679 680
925 721 748
926 735 742
927 617 774
928 681 790
929 715 746
930 619 648
931 691 678
932 729 726
933 705 686
934 617 602
935 731 770
936 619 632
937 653 752
938 621 614
939 761 650
940 671 638
941 685 704
942 723 628
943 671 622
944 753 642
945 735 702
946 681 716
947 705 750
948 717 740
949 717 724
950 781 762
951 653 712
952 641 734
953 633 764
954 673 694
955 761 666
956 653 728
957 769 710
958 739 778
959 729 672
960 709 760
961 769 608
962 793 692
963 753 780
964 789 634
965 651 606
966 791 696
967 709 636
968 721 688
969 791 612
970 757 776
971 767 624
972 667 718
973 657 656
974 767 660
975 725 644
976 667 798
977 745 730
978 773 616
979 619 674
980 729 766
981 679 772
982 789 676
983 727 732
984 607 786
985 751 682
986 735 670
987 753 756
988 789 800
989 691 620
990 731 698
991 717 626
992 749 708
993 619 668
994 633 684
995 641 610
996 627 782
997 745 754
998 715 722
999 761 700
1000 653 796
1001 899 912
1002 995 882
1003 895 934
1004 967 948
1005 995 884
1006 991 954
1007 831 988
1008 941 922
1009 827 876
1010 967 910
1011 879 858
1012 961 970
1013 855 916
1014 863 904
1015 975 872
1016 933 938
1017 865 972
1018 907 880
1019 875 826
1020 965 808
1021 861 968
1022 953 836
1023 807 820
1024 855 914
1025 935 986
1026 961 844
1027 855 996
1028 915 962
1029 899 990
1030 913 874
1031 967 854
1032 923 810
1033 993 956
1034 825 862
1035 989 888
1036 933 978
1037 951 832
1038 929 828
1039 875 998
1040 897 958
1041 969 928
1042 825 818
1043 965 900
1044 883 942
1045 949 926
1046 913 894
1047 989 892
1048 897 840
1049 993 824
1050 967 870
1051 827 974
1052 985 950
1053 941 802
1054 957 982
1055 953 846
1056 801 992
1057 895 834
1058 957 856
1059 933 946
1060 943 890
1061 975 848
1062 973 1000
1063 803 878
1064 863 850
1065 885 908
1066 935 842
1067 825 906
1068 899 966
1069 827 952
1070 955 984
1071 861 960
1072 833 864
1073 831 932
1074 959 980
1075 951 994
1076 923 868
1077 883 822
1078 833 838
1079 923 940
1080 907 804
1081 853 816
1082 815 886
1083 985 944
1084 899 902
1085 959 852
1086 807 812
1087 989 920
1088 915 936
1089 935 964
1090 991 814
1091 907 924
1092 875 898
1093 833 830
1094 975 806
1095 965 976
1096 861 866
1097 831 930
1098 825 918
1099 953 860
1100 853 896
1101 957 912
1102 927 882
1103 949 934
1104 975 948
1105 947 884
1106 885 954
1107 895 988
1108 885 922
1109 807 876
1110 835 910
1111 935 858
1112 801 970
1113 955 916
1114 879 904
1115 923 872
1116 833 938
1117 883 972
1118 965 880
1119 929 826
1120 853 808
1121 991 968
1122 861 836
1123 951 820
1124 913 914
1125 985 986
1126 847 844
1127 915 996
1128 943 962
1129 933 990
1130 947 874
1131 879 854
1132 991 810
1133 993 956
1134 969 862
1135 947 888
1136 815 978
1137 973 832
1138 927 828
1139 801 998
1140 897 958
1141 927 928
1142 847 818
1143 959 900
1144 961 942
1145 853 926
1146 929 894
1147 961 892
1148 885 840
1149 973 824
1150 835 870
1151 995 974
1152 995 950
1153 835 802
1154 801 982
1155 969 846
1156 913 992
1157 803 834
1158 907 856
1159 895 946
1160 807 890
1161 865 848
1162 815 1000
1163 927 878
1164 915 850
1165 879 908
1166 969 842
1167 815 906
1168 955 966
1169 959 952
1170 993 984
1171 865 960
1172 897 864
1173 949 932
1174 803 980
1175 943 994
1176 863 868
1177 803 822
1178 835 838
1179 875 940
1180 883 804
1181 951 816
1182 955 886
1183 943 944
1184 865 902
1185 973 852
1186 827 812
1187 953 920
1188 847 936
1189 941 964
1190 929 814
1191 957 924
1192 855 898
1193 985 830
1194 949 806
1195 847 976
1196 941 866
1197 947 930
1198 863 918
1199 989 860
1200 831 896
1201 1015 1142
1202 1007 1034
1203 1061 1164
1204 1145 1140
1205 1105 1130
1206 1067 1062
1207 1017 1020
1208 1129 1178
1209 1007 1126
1210 1183 1132
1211 1011 1168
1212 1153 1170
1213 1085 1104
1214 1107 1158
1215 1143 1028
1216 1081 1116
1217 1085 1196
1218 1181 1042
1219 1107 1110
1220 1011 1026
1221 1059 1098
1222 1163 1052
1223 1087 1002
1224 1085 1030
1225 1181 1146
1226 1021 1112
1227 1005 1068
1228 1009 1010
1229 1155 1058
1230 1151 1182
1231 1143 1198
1232 1105 1136
1233 1155 1044
1234 1111 1150
1235 1021 1160
1236 1081 1054
1237 1109 1184
1238 1179 1066
1239 1081 1086
1240 1035 1060
1241 1129 1006
1242 1167 1156
1243 1031 1090
1244 1021 1128
1245 1095 1032
1246 1015 1138
1247 1129 1194
1248 1137 1038
1249 1099 1144
1250 1085 1124
1251 1135 1094
1252 1059 1036
1253 1043 1050
1254 1121 1080
1255 1153 1070
1256 1069 1096
1257 1061 1100
1258 1167 1074
1259 1111 1084
1260 1141 1120
1261 1041 1106
1262 1099 1190
1263 1041 1008
1264 1111 1192
1265 1031 1012
1266 1143 1014
1267 1189 1180
1268 1153 1018
1269 1027 1152
1270 1073 1076
1271 1167 1134
1272 1151 1016
1273 1073 1122
1274 1087 1072
1275 1067 1172
1276 1043 1040
1277 1057 1078
1278 1137 1186
1279 1099 1118
1280 1069 1114
1281 1043 1102
1282 1171 1176
1283 1109 1064
1284 1031 1148
1285 1065 1092
1286 1035 1004
1287 1145 1200
1288 1199 1022
1289 1179 1108
1290 1057 1188
1291 1199 1162
1292 1065 1046
1293 1107 1082
1294 1029 1056
1295 1017 1048
1296 1183 1166
1297 1137 1174
1298 1137 1088
1299 1149 1154
1300 1149 1024
1301 1189 1142
1302 1041 1034
1303 1071 1164
1304 1153 1140
1305 1029 1130
1306 1181 1062
1307 1009 1020
1308 1065 1178
1309 1135 1126
1310 1009 1132
1311 1015 1168
1312 1171 1170
1313 1155 1104
1314 1181 1158
1315 1071 1028
1316 1189 1116
1317 1011 1196
1318 1199 1042
1319 1087 1110
1320 1057 1026
1321 1027 1098
1322 1189 1052
1323 1035 1002
1324 1073 1030
1325 1179 1146
1326 1163 1112
1327 1095 1068
1328 1067 1010
1329 1183 1058
1330 1065 1182
1331 1183 1198
1332 1171 1136
1333 1069 1044
1334 1163 1150
1335 1163 1160
1336 1099 1054
1337 1167 1184
1338 1017 1066
1339 1069 1086
1340 1141 1060
1341 1061 1006
1342 1059 1156
1343 1105 1090
1344 1145 1128
1345 1007 1032
1346 1145 1138
1347 1057 1194
1348 1043 1038
1349 1007 1144
1350 1011 1124
1351 1193 1094
1352 1151 1036
1353 1095 1050
1354 1035 1080
1355 1005 1070
1356 1155 1096
1357 1121 1100
1358 1129 1074
1359 1149 1084
1360 1193 1120
1361 1193 1106
1362 1171 1190
1363 1121 1008
1364 1121 1192
1365 1135 1012
1366 1071 1014
1367 1071 1180
1368 1151 1018
1369 1009 1152
1370 1143 1076
1371 1141 1134
1372 1067 1016
1373 1081 1122
1374 1087 1072
1375 1015 1172
1376 1073 1040
1377 1105 1078
1378 1005 1186
1379 1021 1118
1380 1193 1114
1381 1027 1102
1382 1135 1176
1383 1199 1064
1384 1141 1148
1385 1109 1092
1386 1061 1004
1387 1109 1200
1388 1149 1022
1389 1107 1108
1390 1017 1188
1391 1095 1162
1392 1111 1046
1393 1059 1082
1394 1029 1056
1395 1031 1048
1396 1029 1166
1397 1005 1174
1398 1179 1088
1399 1041 1154
1400 1027 1024
1401 1319 1224
1402 1323 1398
1403 1259 1264
1404 1343 1284
1405 1387 1232
1406 1263 1388
1407 1359 1288
1408 1343 1328
1409 1393 1220
1410 1315 1296
1411 1269 1286
1412 1227 1222
1413 1371 1380
1414 1215 1306
1415 1363 1260
1416 1387 1394
1417 1341 1346
1418 1287 1384
1419 1299 1244
1420 1337 1218
1421 1319 1304
1422 1215 1300
1423 1393 1372
1424 1385 1234
1425 1245 1390
1426 1363 1236
1427 1291 1242
1428 1223 1364
1429 1383 1368
1430 1269 1340
1431 1323 1270
1432 1217 1252
1433 1287 1348
1434 1235 1324
1435 1363 1272
1436 1395 1268
1437 1339 1308
1438 1345 1334
1439 1341 1278
1440 1227 1298
1441 1217 1310
1442 1325 1316
1443 1235 1342
1444 1291 1320
1445 1323 1282
1446 1339 1280
1447 1273 1360
1448 1325 1216
1449 1273 1208
1450 1243 1326
1451 1367 1294
1452 1379 1344
1453 1359 1204
1454 1299 1374
1455 1251 1206
1456 1395 1210
1457 1339 1240
1458 1355 1292
1459 1247 1266
1460 1347 1254
1461 1373 1302
1462 1235 1230
1463 1373 1358
1464 1263 1290
1465 1369 1356
1466 1227 1258
1467 1379 1250
1468 1347 1274
1469 1245 1336
1470 1273 1248
1471 1367 1400
1472 1213 1314
1473 1337 1322
1474 1395 1318
1475 1253 1378
1476 1243 1312
1477 1281 1370
1478 1393 1362
1479 1215 1330
1480 1253 1376
1481 1315 1354
1482 1317 1214
1483 1257 1276
1484 1223 1228
1485 1315 1366
1486 1359 1202
1487 1367 1256
1488 1323 1392
1489 1267 1226
1490 1347 1386
1491 1311 1262
1492 1363 1382
1493 1267 1338
1494 1385 1350
1495 1373 1396
1496 1345 1332
1497 1247 1238
1498 1383 1212
1499 1215 1352
1500 1385 1246
1501 1217 1224
1502 1245 1398
1503 1329 1264
1504 1257 1284
1505 1345 1232
1506 1287 1388
1507 1311 1288
1508 1385 1328
1509 1329 1220
1510 1263 1296
1511 1391 1286
1512 1267 1222
1513 1281 1380
1514 1311 1306
1515 1259 1260
1516 1379 1394
1517 1291 1346
1518 1259 1384
1519 1251 1244
1520 1299 1218
1521 1271 1304
1522 1365 1300
1523 1235 1372
1524 1341 1234
1525 1347 1390
1526 1317 1236
1527 1263 1242
1528 1369 1364
1529 1379 1368
1530 1371 1340
1531 1271 1270
1532 1271 1252
1533 1257 1348
1534 1329 1324
1535 1267 1272
1536 1329 1268
1537 1281 1308
1538 1355 1334
1539 1319 1278
1540 1213 1298
1541 1243 1310
1542 1223 1316
1543 1317 1342
1544 1287 1320
1545 1369 1282
1546 1365 1280
1547 1383 1360
1548 1337 1216
1549 1291 1208
1550 1339 1326
1551 1325 1294
1552 1369 1344
1553 1253 1204
1554 1213 1374
1555 1251 1206
1556 1387 1210
1557 1311 1240
1558 1245 1292
1559 1371 1266
1560 1371 1254
1561 1299 1302
1562 1341 1230
1563 1217 1358
1564 1391 1290
1565 1337 1356
1566 1343 1258
1567 1315 1250
1568 1387 1274
1569 1355 1336
1570 1269 1248
1571 1365 1400
1572 1325 1314
1573 1367 1322
1574 1383 1318
1575 1271 1378
1576 1281 1312
1577 1345 1370
1578 1317 1362
1579 1395 1330
1580 1223 1376
1581 1393 1354
1582 1365 1214
1583 1253 1276
1584 1343 1228
1585 1373 1366
1586 1213 1202
1587 1251 1256
1588 1227 1392
1589 1359 1226
1590 1247 1386
1591 1355 1262
1592 1273 1382
1593 1257 1338
1594 1247 1350
1595 1269 1396
1596 1243 1332
1597 1391 1238
1598 1319 1212
1599 1259 1352
1600 1391 1246
1601 1545 1420
1602 1549 1566
1603 1479 1476
1604 1479 1580
1605 1459 1436
1606 1433 1518
1607 1449 1410
1608 1579 1506
1609 1579 1530
1610 1459 1536
1611 1559 1532
1612 1595 1456
1613 1589 1572
1614 1403 1454
1615 1589 1430
1616 1457 1412
1617 1435 1480
1618 1545 1486
1619 1501 1460
1620 1409 1488
1621 1533 1426
1622 1409 1482
1623 1507 1414
1624 1573 1554
1625 1531 1402
1626 1491 1542
1627 1457 1422
1628 1473 1562
1629 1565 1502
1630 1435 1586
1631 1577 1458
1632 1441 1500
1633 1443 1582
1634 1529 1524
1635 1565 1560
1636 1463 1470
1637 1409 1520
1638 1401 1406
1639 1453 1498
1640 1577 1594
1641 1451 1434
1642 1415 1538
1643 1491 1534
1644 1485 1494
1645 1491 1550
1646 1463 1546
1647 1453 1556
1648 1529 1444
1649 1507 1564
1650 1569 1450
1651 1557 1404
1652 1427 1490
1653 1455 1484
1654 1433 1424
1655 1443 1512
1656 1443 1540
1657 1531 1492
1658 1473 1432
1659 1465 1464
1660 1545 1448
1661 1403 1590
1662 1593 1584
1663 1489 1526
1664 1435 1474
1665 1465 1570
1666 1531 1408
1667 1467 1418
1668 1455 1462
1669 1459 1428
1670 1501 1496
1671 1589 1596
1672 1451 1514
1673 1455 1588
1674 1593 1438
1675 1549 1416
1676 1467 1592
1677 1521 1522
1678 1533 1452
1679 1507 1528
1680 1479 1478
1681 1573 1446
1682 1557 1466
1683 1545 1544
1684 1473 1600
1685 1425 1558
1686 1519 1548
1687 1485 1578
1688 1573 1508
1689 1425 1440
1690 1441 1574
1691 1595 1472
1692 1401 1468
1693 1449 1552
1694 1595 1510
1695 1435 1576
1696 1427 1504
1697 1547 1568
1698 1579 1598
1699 1401 1442
1700 1491 1516
1701 1579 1420
1702 1503 1566
1703 1427 1476
1704 1501 1580
1705 1465 1436
1706 1503 1518
1707 1519 1410
1708 1451 1506
1709 1463 1530
1710 1503 1536
1711 1501 1532
1712 1425 1456
1713 1457 1572
1714 1413 1454
1715 1565 1430
1716 1457 1412
1717 1547 1480
1718 1403 1486
1719 1521 1460
1720 1519 1488
1721 1595 1426
1722 1489 1482
1723 1451 1414
1724 1479 1554
1725 1557 1402
1726 1415 1542
1727 1511 1422
1728 1449 1562
1729 1485 1502
1730 1413 1586
1731 1519 1458
1732 1409 1500
1733 1557 1582
1734 1459 1524
1735 1441 1560
1736 1573 1470
1737 1503 1520
1738 1413 1406
1739 1569 1498
1740 1529 1594
1741 1455 1434
1742 1509 1538
1743 1547 1534
1744 1467 1494
1745 1443 1550
1746 1589 1546
1747 1419 1556
1748 1511 1444
1749 1549 1564
1750 1559 1450
1751 1509 1404
1752 1509 1490
1753 1593 1484
1754 1577 1424
1755 1529 1512
1756 1523 1540
1757 1509 1492
1758 1565 1432
1759 1531 1464
1760 1559 1448
1761 1401 1590
1762 1441 1584
1763 1453 1526
1764 1433 1474
1765 1523 1570
1766 1449 1408
1767 1523 1418
1768 1413 1462
1769 1523 1428
1770 1425 1496
1771 1415 1596
1772 1547 1514
1773 1521 1588
1774 1419 1438
1775 1593 1416
1776 1473 1592
1777 1463 1522
1778 1467 1452
1779 1533 1528
1780 1521 1478
1781 1489 1446
1782 1433 1466
1783 1569 1544
1784 1419 1600
1785 1511 1558
1786 1511 1548
1787 1549 1578
1788 1559 1508
1789 1569 1440
1790 1427 1574
1791 1577 1472
1792 1453 1468
1793 1489 1552
1794 1419 1510
1795 1465 1576
1796 1507 1504
1797 1403 1568
1798 1533 1598
1799 1485 1442
1800 1415 1516
1801 1689 1690
1802 1715 1644
1803 1687 1720
1804 1611 1696
1805 1723 1630
1806 1623 1780
1807 1799 1742
1808 1647 1652
1809 1721 1754
1810 1729 1618
1811 1739 1788
1812 1607 1722
1813 1657 1682
1814 1787 1604
1815 1779 1686
1816 1619 1664
1817 1717 1708
1818 1779 1724
1819 1647 1662
1820 1763 1672
1821 1795 1692
1822 1617 1782
1823 1755 1624
1824 1799 1698
1825 1755 1750
1826 1699 1758
1827 1773 1606
1828 1731 1674
1829 1725 1688
1830 1609 1776
1831 1607 1748
1832 1679 1716
1833 1711 1614
1834 1755 1756
1835 1677 1764
1836 1725 1736
1837 1741 1778
1838 1755 1602
1839 1611 1730
1840 1787 1760
1841 1787 1726
1842 1695 1704
1843 1639 1642
1844 1695 1650
1845 1729 1732
1846 1621 1640
1847 1715 1684
1848 1675 1792
1849 1725 1660
1850 1645 1800
1851 1611 1706
1852 1773 1796
1853 1639 1654
1854 1771 1646
1855 1741 1752
1856 1711 1790
1857 1721 1670
1858 1723 1622
1859 1711 1740
1860 1767 1794
1861 1687 1648
1862 1667 1744
1863 1799 1634
1864 1763 1712
1865 1779 1636
1866 1647 1666
1867 1639 1620
1868 1677 1710
1869 1665 1610
1870 1767 1628
1871 1699 1734
1872 1619 1638
1873 1741 1784
1874 1773 1616
1875 1639 1658
1876 1741 1608
1877 1745 1626
1878 1683 1714
1879 1683 1766
1880 1679 1668
1881 1739 1700
1882 1623 1702
1883 1667 1786
1884 1617 1676
1885 1635 1694
1886 1621 1728
1887 1795 1772
1888 1605 1738
1889 1609 1768
1890 1715 1680
1891 1781 1770
1892 1787 1612
1893 1689 1762
1894 1623 1774
1895 1619 1678
1896 1679 1718
1897 1731 1798
1898 1675 1746
1899 1659 1656
1900 1621 1632
1901 1745 1690
1902 1795 1644
1903 1683 1720
1904 1657 1696
1905 1635 1630
1906 1713 1780
1907 1707 1742
1908 1601 1652
1909 1647 1754
1910 1687 1618
1911 1723 1788
1912 1695 1722
1913 1781 1682
1914 1659 1604
1915 1689 1686
1916 1707 1664
1917 1683 1708
1918 1635 1724
1919 1659 1662
1920 1791 1672
1921 1729 1692
1922 1771 1782
1923 1673 1624
1924 1713 1698
1925 1665 1750
1926 1781 1758
1927 1673 1606
1928 1687 1674
1929 1645 1688
1930 1763 1776
1931 1799 1748
1932 1717 1716
1933 1725 1614
1934 1619 1756
1935 1713 1764
1936 1711 1736
1937 1791 1778
1938 1745 1602
1939 1657 1730
1940 1607 1760
1941 1679 1726
1942 1699 1704
1943 1771 1642
1944 1605 1650
1945 1621 1732
1946 1667 1640
1947 1645 1684
1948 1731 1792
1949 1739 1660
1950 1609 1800
1951 1707 1706
1952 1731 1796
1953 1665 1654
1954 1605 1646
1955 1699 1752
1956 1763 1790
1957 1617 1670
1958 1667 1622
1959 1791 1740
1960 1673 1794
1961 1659 1648
1962 1605 1744
1963 1717 1634
1964 1695 1712
1965 1721 1636
1966 1601 1666
1967 1689 1620
1968 1781 1710
1969 1617 1610
1970 1767 1628
1971 1609 1734
1972 1729 1638
1973 1745 1784
1974 1673 1616
1975 1739 1658
1976 1773 1608
1977 1677 1626
1978 1723 1714
1979 1795 1766
1980 1767 1668
1981 1675 1700
1982 1635 1702
1983 1657 1786
1984 1611 1676
1985 1713 1694
1986 1601 1728
1987 1707 1772
1988 1665 1738
1989 1717 1768
1990 1607 1680
1991 1645 1770
1992 1675 1612
1993 1677 1762
1994 1771 1774
1995 1601 1678
1996 1721 1718
1997 1791 1798
1998 1623 1746
1999 1715 1656
2000 1779 1632
