1 0 0
2 0 0
3 0 0
4 0 0
5 0 0
6 0 0
7 0 0
8 0 0
9 0 0
10 0 0
11 0 0
12 0 0
13 0 0
14 0 0
15 0 0
16 0 0
17 0 0
18 0 0
19 0 0
20 0 0
21 0 0
22 0 0
23 0 0
24 0 0
25 0 0
26 0 0
27 0 0
28 0 0
29 0 0
30 0 0
31 0 0
32 0 0
33 0 0
34 0 0
35 0 0
36 0 0
37 0 0
38 0 0
39 0 0
40 0 0
41 0 0
42 0 0
43 0 0
44 0 0
45 0 0
46 0 0
47 0 0
48 0 0
49 0 0
50 0 0
51 0 0
52 0 0
53 0 0
54 0 0
55 0 0
56 0 0
57 0 0
58 0 0
59 0 0
60 0 0
61 0 0
62 0 0
63 0 0
64 0 0
65 0 0
66 0 0
67 0 0
68 0 0
69 0 0
70 0 0
71 0 0
72 0 0
73 0 0
74 0 0
75 0 0
76 0 0
77 0 0
78 0 0
79 0 0
80 0 0
81 0 0
82 0 0
83 0 0
84 0 0
85 0 0
86 0 0
87 0 0
88 0 0
89 0 0
90 0 0
91 0 0
92 0 0
93 0 0
94 0 0
95 0 0
96 0 0
97 0 0
98 0 0
99 0 0
100 0 0
101 35 10
102 35 26
103 35 59
104 35 79
105 30 93
106 30 85
107 30 44
108 30 52
109 87 52
110 87 7
111 87 25
112 87 32
113 50 69
114 50 38
115 50 80
116 50 70
117 61 37
118 61 27
119 61 43
120 61 60
121 47 46
122 47 55
123 47 2
124 47 81
125 14 51
126 14 97
127 14 74
128 14 8
129 6 7
130 6 85
131 6 34
132 6 25
133 89 21
134 89 49
135 89 12
136 89 99
137 75 92
138 75 79
139 75 32
140 75 12
141 62 94
142 62 95
143 62 95
144 62 76
145 15 100
146 15 29
147 15 70
148 15 51
149 41 8
150 41 92
151 41 26
152 41 39
153 53 22
154 53 36
155 53 45
156 53 22
157 63 69
158 63 84
159 63 10
160 63 100
161 48 80
162 48 27
163 48 94
164 48 65
165 1 64
166 1 36
167 1 46
168 1 33
169 68 11
170 68 34
171 68 21
172 68 38
173 58 39
174 58 49
175 58 33
176 58 97
177 91 81
178 91 37
179 91 44
180 91 60
181 88 76
182 88 59
183 88 99
184 88 2
185 28 56
186 28 11
187 28 56
188 28 74
189 77 16
190 77 16
191 77 43
192 77 55
193 82 84
194 82 64
195 82 93
196 82 57
197 96 65
198 96 57
199 96 29
200 96 45
201 135 190
202 135 149
203 135 180
204 135 101
205 126 117
206 126 177
207 126 185
208 126 112
209 144 103
210 144 152
211 144 134
212 144 140
213 158 187
214 158 113
215 158 176
216 158 176
217 139 109
218 139 177
219 139 151
220 139 136
221 106 118
222 106 179
223 106 127
224 106 175
225 131 179
226 131 189
227 131 119
228 131 166
229 197 175
230 197 182
231 197 198
232 197 111
233 178 140
234 178 189
235 178 166
236 178 196
237 199 134
238 199 170
239 199 167
240 199 198
241 159 187
242 159 113
243 159 160
244 159 149
245 156 153
246 156 137
247 156 103
248 156 110
249 141 108
250 141 122
251 141 167
252 141 195
253 128 101
254 128 192
255 128 111
256 128 160
257 163 165
258 163 191
259 163 182
260 163 110
261 107 124
262 107 120
263 107 180
264 107 118
265 155 165
266 155 109
267 155 108
268 155 136
269 130 127
270 130 151
271 130 190
272 130 117
273 115 181
274 115 196
275 115 188
276 115 154
277 123 112
278 123 171
279 123 153
280 123 170
281 125 185
282 125 120
283 125 157
284 125 147
285 146 195
286 146 147
287 146 119
288 146 137
289 194 171
290 194 168
291 194 181
292 194 188
293 183 168
294 183 191
295 183 152
296 183 124
297 174 122
298 174 154
299 174 192
300 174 157
301 217 274
302 217 267
303 217 292
304 217 260
305 297 211
306 297 273
307 297 255
308 297 287
309 280 238
310 280 259
311 280 245
312 280 227
313 270 285
314 270 286
315 270 274
316 270 252
317 233 289
318 233 243
319 233 292
320 233 279
321 240 289
322 240 263
323 240 293
324 240 275
325 283 241
326 283 295
327 283 228
328 283 211
329 222 220
330 222 245
331 222 221
332 222 260
333 262 248
334 262 256
335 262 221
336 262 228
337 257 213
338 257 202
339 257 299
340 257 243
341 276 246
342 276 271
343 276 285
344 276 209
345 251 218
346 251 224
347 251 261
348 251 201
349 264 215
350 264 279
351 264 201
352 264 266
353 226 268
354 226 258
355 226 203
356 226 290
357 239 290
358 239 253
359 239 294
360 239 206
361 223 271
362 223 202
363 223 252
364 223 298
365 291 248
366 291 241
367 291 268
368 291 275
369 212 253
370 212 258
371 212 261
372 212 259
373 277 203
374 277 213
375 277 267
376 277 238
377 204 295
378 204 263
379 204 246
380 204 206
381 300 220
382 300 298
383 300 286
384 300 256
385 244 273
386 244 255
387 244 299
388 244 287
389 210 294
390 210 224
391 210 247
392 210 209
393 207 266
394 207 293
395 207 278
396 207 215
397 237 278
398 237 218
399 237 227
400 237 247
